10010000000100000011000101010010000000
11010000000000000110000000000000000001
00010100000010000100000000000000000001
00010000000000000100010000000001100001
00010000000000000100010000000001000000
00010000000000000100000010000001110001
00010000000000000100000000100001111001
10010000000100000011000101010010000000
00011111100010000100000000000000000001
01110000011000000110001000000000000011
00010000000000000100110010101001000001
01010000110000000100110010101000000000
00010000000000000000000000000000000000
00010000000000000000000000000000000000
00010000000000000000000000000000000000
00010100000010000100000000000000000000
10110000000000000111000000000000000001
00010000000000000100000000001001111101
00010010000011110100000000000000000001
00010001000011100100000000000000000001
